-12.6209306252001
-21.144102533937
-23.8141385775834
-22.4922347825702
-18.3095321727246
-12.5563275676012
-6.5358718841575
-1.39689560524143
2.02068898795337
3.294189905094
2.46095486555962
-1.33731976400748E-02
-3.325245475815
-6.48713221208298
-8.49410544997588
-8.50061669197812
-5.96621572725346
-0.756129334607568
6.82967537954894
16.0848303101035
25.9992997028177
35.3994440453862
43.1270839600223
48.1995975608588
49.9661515257194
48.1995975608588
43.1270839600223
35.3994440453862
25.9992997028177
16.0848303101035
6.82967537954894
-0.756129334607568
-5.96621572725346
-8.50061669197812
-8.49410544997588
-6.48713221208298
-3.325245475815
-1.33731976400748E-02
2.46095486555962
3.294189905094
2.02068898795337
-1.39689560524143
-6.5358718841575
-12.5563275676012
-18.3095321727246
-22.4922347825702
-23.8141385775834
-21.144102533937
-12.6209306252001