4.89291393505342
28.0846816082091
62.1854134860239
99.591685028137
132.658199039564
154.124750687949
158.23630718353
141.679757286109
104.202819592512
48.8762714029504
-18.1771247531932
-88.4810077931747
-152.332304676868
-200.037324921035
-223.364290164133
-216.642728702119
-177.790226978666
-108.667671531008
-15.0856103718845
93.8486910793745
206.747190896433
311.300381111949
395.828443047452
450.770602922337
469.803157318009
450.770602922337
395.828443047452
311.300381111949
206.747190896433
93.8486910793745
-15.0856103718845
-108.667671531008
-177.790226978666
-216.642728702119
-223.364290164133
-200.037324921035
-152.332304676868
-88.4810077931747
-18.1771247531932
48.8762714029504
104.202819592512
141.679757286109
158.23630718353
154.124750687949
132.658199039564
99.591685028137
62.1854134860239
28.0846816082091
4.89291393505342