-9.46468373892946E-04
-1.95444921286653E-03
-2.87617580713453E-03
-3.78626681109075E-03
-4.69774297675055E-03
-5.61052825095277E-03
-6.52179786527097E-03
-7.42903207409306E-03
-8.32753386225003E-03
-9.20580858905303E-03
-1.00721852625607E-02
-0.010907135116516
-0.011713283114786
-1.24759323461398E-02
-0.013198990096207
-1.38677265826381E-02
-1.44774425603956E-02
-1.50325546944849E-02
-1.55199376582188E-02
-1.59460671101755E-02
-1.62974551489369E-02
-1.65711810142068E-02
-1.67652467884164E-02
-1.68887087785975E-02
-1.69299418056107E-02
-1.68887087785975E-02
-1.67652467884164E-02
-1.65711810142068E-02
-1.62974551489369E-02
-1.59460671101755E-02
-1.55199376582188E-02
-1.50325546944849E-02
-1.44774425603956E-02
-1.38677265826381E-02
-0.013198990096207
-1.24759323461398E-02
-0.011713283114786
-0.010907135116516
-1.00721852625607E-02
-9.20580858905303E-03
-8.32753386225003E-03
-7.42903207409306E-03
-6.52179786527097E-03
-5.61052825095277E-03
-4.69774297675055E-03
-3.78626681109075E-03
-2.87617580713453E-03
-1.95444921286653E-03
-9.46468373892946E-04