4.37764683222661E-02
8.78373272524969E-02
0.125704520365762
0.161311414988078
0.195233627785825
0.227753669946488
0.258956171120871
0.288864372090793
0.317491342953867
0.344759946524483
0.370653328045149
0.395093442329857
0.418024455896637
0.439379406843162
0.45911690494759
0.477181097767176
0.49348788800111
0.508006405278006
0.520671626687833
0.531468081559585
0.540349163019742
0.547291117150823
0.552270644369707
0.555258979851599
0.556265491074892
0.555258979851599
0.552270644369707
0.547291117150823
0.540349163019742
0.531468081559585
0.520671626687833
0.508006405278006
0.49348788800111
0.477181097767176
0.45911690494759
0.439379406843162
0.418024455896637
0.395093442329857
0.370653328045149
0.344759946524483
0.317491342953867
0.288864372090793
0.258956171120871
0.227753669946488
0.195233627785825
0.161311414988078
0.125704520365762
8.78373272524969E-02
4.37764683222661E-02