Start DP     Point   R[Ohm]   X[Ohm]   Q   Frequency[Hz]
true;	1;	98.100;	0.000;	0.000;	200000000.000
false;	2;	98.100;	148.999;	1.519;	200000000.000
false;	3;	49.888;	-117.027;	2.346;	200000000.000
false;	4;	49.888;	-0.034;	0.001;	200000000.000
false;	1;	68.235;	-15.275;	0.224;	185000000.000
false;	2;	66.261;	-13.987;	0.211;	186420000.000
false;	3;	64.337;	-12.658;	0.197;	187840000.000
false;	4;	62.463;	-11.292;	0.181;	189260000.000
false;	5;	60.640;	-9.891;	0.163;	190680000.000
false;	6;	58.867;	-8.458;	0.144;	192100000.000
false;	7;	57.143;	-6.997;	0.122;	193520000.000
false;	8;	55.468;	-5.510;	0.099;	194940000.000
false;	9;	53.842;	-3.999;	0.074;	196360000.000
false;	10;	52.263;	-2.466;	0.047;	197780000.000
false;	11;	50.731;	-0.915;	0.018;	199200000.000
false;	12;	49.244;	0.653;	0.013;	200620000.000
false;	13;	47.803;	2.236;	0.047;	202040000.000
false;	14;	46.406;	3.832;	0.083;	203460000.000
false;	15;	45.052;	5.439;	0.121;	204880000.000
false;	16;	43.740;	7.056;	0.161;	206300000.000
false;	17;	42.469;	8.681;	0.204;	207720000.000
false;	18;	41.238;	10.313;	0.250;	209140000.000
false;	19;	40.046;	11.950;	0.298;	210560000.000
false;	20;	38.892;	13.591;	0.349;	211980000.000
